-2.054768
-1.906186
-1.931548
-1.357706
-2.587571
-1.875967
-1.469344
-1.442174
-1.670033
-1.617987
-1.324015
-1.415776
-1.54647
-2.208636
-1.07103
-1.313045
-2.915675
-1.7878
-1.432029
-0.888943
-1.520186
-1.619344
-1.547829
-1.999234
-1.545134
-1.977577
-2.167805
-1.776351
-1.262453
-1.635311
-1.133401
-1.436305
-1.936629
-1.746914
-1.396146
-1.489065
-1.650547
-1.029168
-1.637694
-2.410177
-1.759538
-2.493061
-3.133186
-3.160169
-2.128221
-2.198066
-1.864853
-0.9233136
-1.369671
-1.883912
-2.207475
-0.9357051
-2.167735
-2.534315
-3.693182
-1.974535
-1.288595
-1.152343
-1.520271
-2.359358
-1.588525
