-0.6545837
0.2572895
-0.231275
-0.6116957
-0.5480133
0.4517716
1.062793
0.09564642
0.2248876
-0.001524188
-0.9971308
-1.394287
-0.9069687
-0.8695131
0.9306732
-0.9563467
0.04449975
1.192167
-1.20006
2.253765
-0.9791795
-0.4637575
-0.7615935
-0.3834348
-0.2441113
0.07541619
-0.5609316
-1.764989
0.2171288
-1.635311
1.118209
2.458418
-0.85651
-0.6366701
-0.4064277
-0.7037228
-0.2189895
1.555624
1.139842
-0.5825048
1.202672
0.2188397
-1.211117
-0.1528062
-1.405441
-0.1831031
0.9865706
-0.07039202
0.526834
-0.2355894
0.3677799
0.8314454
1.881615
-0.3498216
-0.8652997
0.224559
-0.1613705
-0.3316422
0.1690362
-1.071083
-0.4336574
