-0.6995338
-0.4769253
0.7748949
0.04403324
-0.1014801
0.1073074
-0.2454169
1.594539
0.3788095
0.05952186
-3.325615
0.08156132
1.411989
-0.8762283
-0.2861162
-0.2364483
-0.03354297
0.4365714
0.7463481
0.1144661
-1.103261
0.1171114
-0.1385748
1.136404
0.0438399
-1.661319
0.3849015
0.8274618
-0.06156494
-0.2377107
-2.217899
-0.7520085
-2.325641
-0.1653884
-0.7706574
-0.4462121
-0.2292141
1.309318
1.174416
-0.004288447
-0.6359545
-0.4020784
-2.201182
0.02079944
-0.8722077
0.3563284
-0.945819
-0.5976916
1.10204
-1.832695
-1.099517
1.715167
1.112383
-0.4912506
-1.752648
-0.6952747
-0.3334148
0.3805862
1.544876
-0.7752742
0.1316746
