1.045592
-0.6670754
-1.420332
0.9296396
-0.5443661
0.8816305
-0.8163739
0.994324
-0.7220732
-1.129788
-0.5988692
-1.09759
0.7269937
-0.5568355
-0.3974354
-0.9549159
0.8604135
-0.5097793
-0.5676279
-0.8080202
0.9813027
-0.6647234
0.997144
-0.3216792
-1.950407
-0.7779459
-0.8949227
0.8965881
-1.077454
-0.1975527
-0.9656041
-0.8850275
-1.496966
-0.09143773
-1.174377
-1.294172
-1.426704
-0.5582662
-1.202799
-0.8888843
-0.7289703
1.077944
-1.926383
-1.244103
-0.5163303
-0.7643226
-1.619228
0.004455159
-1.46374
0.4171051
-1.400452
0.6692653
-0.6872508
-1.735589
1.408165
0.9511444
0.4751526
-1.219616
1.199735
-0.7452063
-0.8579227
