1.561697
6.482448
4.640305
1.558092
4.268244
2.907648
4.886553
2.233364
4.266492
3.390685
4.792855
3.720734
4.253022
4.116882
4.593202
2.358545
5.633081
4.614116
5.210775
5.009818
3.418679
3.3718
2.767578
4.279236
4.778744
3.339992
4.955537
3.746569
0.3547748
-0.1975527
4.139694
4.838768
5.00034
4.467541
3.035236
4.209536
2.721306
4.280674
2.880942
0.8211767
4.415959
2.951191
1.393017
4.911466
4.481441
3.029079
2.840278
3.863566
4.147017
4.282728
2.743092
5.171205
5.479248
2.12344
2.593747
2.711315
3.711664
5.500675
5.406302
1.804432
4.298015
