-0.6485186
1.33807
1.704779
-0.4002306
0.5318484
0.7365901
0.008357536
-2.477258
-1.272232
-1.61836
0.006292628
-0.1239719
0.9491032
0.7981038
1.185135
1.17831
-1.299229
1.355678
-0.03501723
-1.765161
1.079851
0.8603062
0.4394517
-0.6658086
-1.079111
0.840652
-1.759677
-0.6257207
0.5239874
-3.815304
0.875739
-0.6535182
-1.810015
1.189745
1.772249
0.5183744
1.095863
1.136125
1.044606
1.066405
0.8269358
0.7974028
1.568182
1.027027
-0.3669344
0.04386686
1.222074
0.996587
-2.075057
-0.4748813
1.151727
0.8720734
-0.209354
0.889601
1.157843
0.1835369
1.794695
0.1865726
-0.4257593
0.9495608
0.7728945
