-0.5999419
1.013917
-0.9650289
0.8911328
0.9557902
-1.234958
0.5247666
-0.5513546
-1.011966
-1.494022
-0.7120685
-0.9949665
-1.057679
0.5640076
0.6676471
-1.352399
-0.7883597
-0.9799457
0.2550939
-1.183957
-2.108751
0.9026427
-1.014943
1.041455
-1.777248
0.4740866
-1.122588
-0.8732052
-1.468636
0.7091914
-0.9583374
-0.791153
-1.1571
-0.9752004
0.8842676
-1.671052
-0.9782143
-0.7226998
-0.8454859
-1.110981
-1.353233
0.3877275
0.09825457
-1.171119
-0.3119154
-0.04918215
-0.3580298
-0.7014968
-0.86814
0.6602144
-0.6582888
-1.246553
-0.4525538
-0.9536423
0.8867728
-0.9666189
-0.376464
0.7493466
-1.034825
-1.234183
0.8558931
