1.052083
1.831415
2.288264
1.919252
1.740752
1.838951
2.636838
2.415183
1.278343
1.436617
-0.1290069
1.561759
0.6642359
2.157098
2.440301
1.467936
0.06054211
0.4865927
1.230195
-0.3003833
1.91367
1.2018
2.01133
1.117458
0.5603152
1.531545
0.6627323
1.645992
1.944543
0.7091914
1.507048
1.930149
0.7233637
2.225361
3.259697
1.755759
2.03069
1.437456
0.4355144
1.768354
0.3779903
1.720742
1.949834
1.156915
1.97133
1.683771
2.110147
1.61337
1.526119
2.513799
2.427766
2.051868
2.216106
1.849065
1.739837
1.627845
2.148833
2.143467
1.443872
2.010493
2.102264
