1.305983
0.2684703
-1.079386
-1.936924
-0.1886473
0.398848
0.3546199
0.4587861
-0.7791704
-1.823809
1.006387
-2.099346
2.94743
-0.1413814
0.428589
-1.831689
-0.2411378
-0.357884
0.45038
2.30183
-0.3368158
0.4748958
-1.286641
-2.64688
-0.3574736
-0.04503591
-2.370373
-0.5524853
-2.52197
-1.809777
0.2769331
-0.9467029
-1.029809
0.8912058
1.76062
-1.580436
-0.7561228
-0.09197153
-0.9054855
0.2661348
0.516523
-1.606632
1.238359
-1.31585
-1.083179
0.5362049
-0.6690597
-2.531376
1.361287
-0.2915419
-1.082931
1.418749
-0.2858907
1.648258
1.699757
0.6724781
1.034429
-0.7179588
-1.643744
1.083768
-0.9159297
