1.510218
0.9178717
0.004851813
-0.1545311
1.458064
-2.029907
1.610876
1.265571
0.6467951
0.2295341
-0.3143825
1.253318
0.1871766
-0.1642603
2.089592
0.9972417
-0.5114476
-0.05879102
0.3657326
0.9118109
-2.555475
-0.3218765
-0.08964778
-1.572201
2.746557
-0.3919091
0.5466977
-0.7446874
0.9319041
0.9866149
0.08369167
-1.032108
0.4258256
1.159169
1.119291
-0.9921458
0.7929488
2.071708
0.0339093
2.877217
0.1298981
-0.3553256
-0.02847735
2.112731
-0.8472683
1.358581
-0.05796646
0.2700751
0.4133778
0.4444707
0.1782252
-1.893851
0.8693534
0.6876224
-3.01757
-0.4586522
0.9962486
-1.844405
-1.062924
-0.1640366
-1.595993
