0.563953
-0.3288141
-0.6337015
-0.5735382
0.9526362
-2.168246
0.486521
-0.1898188
-0.4908041
-0.7091138
-0.8026583
-0.06092002
-0.6490397
-0.8586052
0.5445382
-0.2053246
-0.81204
-0.5126898
-0.2490678
-0.005112129
-2.282541
-0.6601523
-0.4793477
-1.86394
2.258685
-0.6999271
-0.1056779
-0.8148972
-0.09593778
0.9866149
-0.4602818
-1.08818
-0.6442149
0.6231051
0.4094264
-1.460542
-0.3211104
0.5367415
-0.7722631
1.484073
-0.415107
-0.6345168
-0.7126798
1.201719
-0.9841485
-0.3802078
-0.4329805
-0.3942825
-0.9805996
0.23669
-0.06828117
-2.044346
-0.3099231
-0.102166
-3.397406
-1.047936
0.06892449
-2.496716
-0.9479564
-0.7937804
-1.77711
