0.7525286
0.4080662
-0.9402092
0.448721
0.02043627
-0.1843133
-1.172807
-2.218053
-0.4282948
1.069235
0.385095
2.001928
0.2606188
0.6803327
-0.5914795
1.138675
-1.127751
-0.4432724
-1.522066
0.3484233
1.09264
-0.316311
-0.9225467
0.45108
0.02211982
2.868623
-0.4079505
0.0194299
-0.1409026
1.094456
-0.3230426
-0.3564542
0.7092329
-0.3852554
-0.5599292
0.1367667
-0.8695667
-1.57115
-0.1683939
0.6454352
-0.8769653
-0.7407257
-1.091645
0.633689
-0.1426221
-1.389671
-0.6660143
-1.954192
0.4176743
-0.2654093
0.04114769
-0.1287173
0.1116663
-0.2909183
-0.6872326
-0.9090267
-1.408525
-1.648086
0.7073698
-0.8636181
-1.290375
