0.04258919
1.449242
-0.9568264
-0.5355606
-0.7968663
-1.320861
-2.09594
1.039466
0.5200083
-1.386563
-0.4390319
-1.811293
-0.1722817
0.6491033
1.549137
1.155851
-0.6496758
-0.7677603
0.9798333
-2.274145
-1.168241
0.9093021
-0.5969538
-0.2590206
-0.05753871
0.9893412
1.594201
1.093062
0.2657526
-0.6606135
1.239276
0.8067808
-0.8913052
-0.04418767
0.3436457
0.761363
-1.561672
1.4496
0.9446468
0.1464358
-0.4182928
-1.014655
-0.6722153
-0.09913922
-2.335715
-1.362764
1.687679
0.2509647
0.7232617
0.5407209
-1.124591
1.417228
-0.5116055
-1.834487
0.3935176
0.2069284
0.225576
-0.8435134
-1.436063
-1.168787
-0.01711641
