-0.2842541
0.008556335
-0.5326094
-1.659895
-2.254869
-0.2192482
0.756081
0.3998456
-0.4746931
-1.992763
1.021244
0.3529672
2.738079
0.4435661
0.2515786
-0.5979628
-0.9380086
-0.9581687
0.3060244
0.1594085
-0.8541518
-0.8930354
0.3569403
0.3726691
1.294119
-0.3760305
0.7711032
0.2764704
0.2166359
0.8397254
-0.283481
0.8642008
0.5790997
-1.082452
0.01041346
-1.196061
1.483794
-0.6547741
1.001908
-1.772997
-0.1412186
1.005115
-0.8982888
-0.03213811
-1.332149
-0.3534007
0.6377448
0.618065
-0.169618
-0.6770712
-0.5946423
0.6329438
-1.204952
1.905761
0.2339996
0.624152
-0.06266177
1.216817
1.188899
-0.9757581
0.09915361
