-2.169548
-1.145152
-2.344779
-1.956545
-2.997406
-3.021986
-2.098543
-2.213774
-2.345514
-2.453685
-2.703149
-3.382626
-2.628484
-2.699719
-1.834516
-1.834178
-1.352376
-5.521338
-2.067201
-4.423743
-3.184006
-2.743067
-2.645924
-2.63516
-2.367955
-3.26503
-1.867768
-1.487202
-3.501052
-0.6606135
-2.188057
-2.279393
-2.581183
-3.396098
-2.67334
-2.156184
-2.281031
-2.636987
-1.897912
-2.889853
-2.401499
-3.028003
-2.081532
-2.999929
-3.11245
-2.086322
-1.299253
-2.649008
-1.528945
-2.540956
-3.443678
-2.465527
-2.283733
-3.978595
-1.537468
-3.758709
-3.355848
-2.68814
-2.762605
-4.506687
-2.559004
