1.020882
1.665591
1.297869
1.522443
1.7288
1.086106
0.889434
1.441334
0.9105213
0.9999778
1.373668
0.8819954
1.734491
1.039801
1.386847
1.157767
1.074807
1.443515
1.445843
1.087679
1.04361
1.10173
1.260374
1.035013
1.60162
1.569566
1.198943
1.031314
1.141256
-1.588485
1.322171
1.21315
0.8819222
0.2007578
1.607738
1.032771
1.492168
1.113992
1.311459
1.119726
1.233952
1.336723
1.521161
1.061286
1.001646
1.111477
1.332444
0.9502632
1.271793
1.262919
1.245988
1.539
1.519157
1.136378
1.841783
1.199949
1.336666
1.453242
1.445868
1.140397
1.39083
