1.152706
1.152706
1.152706
1.152706
1.152706
1.152706
1.152706
1.152706
1.152706
1.152706
1.152706
1.152706
1.152706
1.152706
1.152706
1.152706
1.152706
1.152706
1.152706
1.152706
1.152706
1.152706
1.152706
1.152706
1.152706
1.152706
1.152706
1.152706
1.152706
1.152706
1.152706
1.152706
1.152706
1.152706
1.152706
1.152706
1.152706
1.152706
1.152706
1.152706
1.152706
1.152706
1.152706
1.152706
1.152706
1.152706
1.152706
1.152706
1.152706
1.152706
1.152706
1.152706
1.152706
1.152706
1.152706
1.152706
1.152706
1.152706
1.152706
1.152706
1.152706
