-0.389255
1.042669
0.9324084
-1.020459
1.190816
-0.365178
-0.8157786
1.072664
-0.9411215
-0.918113
-0.02834524
-0.2682644
-0.9750377
0.07297998
-1.293972
-0.5601067
1.088324
-0.2012468
1.56472
-0.828814
-1.072947
-1.096958
-0.6486078
-0.5522093
-0.9186489
-0.8857613
-0.994366
-1.424098
-0.9138023
-1.588485
0.5652022
-1.075194
0.6384162
-0.7644328
-0.7850413
-1.097145
-0.7800603
0.04371773
-0.9165048
-0.3707376
-0.8426672
0.5152185
0.3172911
-0.8570745
-0.9533653
-0.5723551
-0.8987948
0.1992064
-0.9761804
-0.4833792
0.1580972
0.7658603
0.9341846
-0.9651704
0.7308237
0.9557565
-1.064685
0.9799972
-0.9200799
-0.7529053
0.07263707
