0.8965545
0.1654052
1.312026
0.5073534
0.5594701
0.685216
-0.4511524
1.757574
1.314185
2.19996
1.557281
0.3875482
0.2137937
0.0370763
-0.02751724
-0.4484319
-0.07797158
-0.4829045
0.3104968
-2.770779
-0.3283625
-0.2764259
-0.6846446
-0.3409687
-1.520256
-2.185362
0.9472553
-1.407245
0.933781
-0.1951296
1.609435
-1.495287
0.5284616
-0.1739086
-0.09088795
-0.687318
0.1905041
-0.536102
-0.3857038
1.412457
-1.378167
0.6414722
1.40153
-0.6523654
-0.3267734
0.3111703
-0.4716439
-1.04134
-0.414756
-1.897173
-0.9322156
0.4846563
0.8369418
-1.359963
0.2377461
-0.01130586
0.02137461
0.3217287
0.2229218
-1.213124
-3.035663
