-0.2604994
-0.7594212
0.4235851
-0.5264066
0.1900589
-0.1181886
-1.645003
-0.2719884
-0.2437378
0.5019727
-0.1743327
-0.9503445
-1.058657
-0.8630786
-1.049825
-1.513112
-0.9883127
-1.267833
-0.6820667
-3.417049
-0.787816
-0.6201432
-0.982421
-1.250962
-2.262485
-2.260171
-0.01490738
-1.846189
-0.6168479
-0.1951296
-0.1783211
-2.188943
-0.387413
-0.8935361
-0.9689614
-0.8622526
-0.68078
-1.091463
-1.06812
0.6402989
-1.46601
-0.07671026
0.5261012
-1.315936
-1.157207
-0.7964152
-1.240072
-1.461423
-2.179973
-1.913719
-1.505047
-0.546116
0.34099
-1.600292
-1.245392
-1.054579
-1.442638
-0.5682879
-0.582942
-1.6905
-2.150168
