-1.278186
-0.7577932
0.2630912
-0.6839785
1.255047
-0.5637574
-1.897188
-0.4531727
-1.520224
0.5041813
0.2843212
-1.639566
-1.257374
2.519326
0.1491034
0.281867
-0.4277097
1.787356
2.373865
0.3627882
0.7475828
-0.714767
-0.6021939
-1.090538
-2.257135
-1.737615
0.431602
-0.0609888
-0.1830537
0.4844093
-2.067565
-1.412171
-0.5848416
-2.132569
-0.1721637
0.3682751
0.9887169
2.845351
-1.178954
-0.2219723
0.8580303
-0.7744519
0.07050019
1.16987
0.6147422
0.06711539
0.8750056
0.2894563
-0.9040923
-1.059153
-0.7384957
1.620534
-1.228545
0.05215293
-1.166096
0.3594577
-1.69341
0.978939
1.393463
-1.993931
-0.7454723
