1.170916
-1.236404
0.4740125
-0.2671061
-1.023174
1.796654
-0.06541864
0.8333563
1.806453
0.5693865
-1.422277
1.076897
0.01750671
0.6911862
2.221288
0.2169431
1.103095
0.3785663
0.4608098
-0.9734603
0.5179181
1.708752
-0.8383135
-0.7670251
1.376198
-0.2724028
-0.1066913
0.348936
-0.3933615
-0.1205535
-1.186191
-1.438452
1.819636
1.599521
0.3147658
-0.6848713
-1.095421
-0.8205359
0.1274749
0.3565461
1.281441
0.9057239
-0.8136429
-0.5344917
-0.3494736
-0.1048356
-1.344664
0.4811406
0.4194815
-0.1333527
0.4238815
1.090045
1.347697
-0.2141033
-0.4803105
0.8597543
0.1014138
1.11512
-0.6703009
-0.09329955
0.4434667
