2.718701
0.7178637
1.504018
1.157532
0.3634291
2.857677
1.63209
0.9615464
1.809576
2.727161
0.3253993
1.861901
1.715329
1.846761
2.127758
1.626268
1.918759
1.703424
0.9616482
0.9858437
1.430525
1.377188
0.6232326
1.06898
1.690286
0.9261688
1.125454
1.054125
1.667289
-0.1205535
0.3515339
0.4862362
2.42821
1.876625
1.554448
1.741554
0.4502514
0.9164919
1.757947
1.85689
2.222089
1.48065
-0.5701053
0.6869186
1.039235
1.34517
0.1127703
1.568231
1.433567
1.271531
2.083578
1.772732
2.171985
0.9053719
1.213596
1.573903
1.377617
2.088806
1.202521
0.789144
1.27862
