-0.7408181
0.4175674
-2.003577
-1.142087
1.999112
-0.3597962
-0.08103117
0.9704083
0.6721356
-0.3677887
1.022442
1.072868
0.7843764
0.2731241
1.223582
1.187923
1.333023
0.5601075
0.5535775
-0.6710097
1.55567
0.32623
-0.545464
-1.140538
0.3549477
-1.000403
-0.3173452
0.2752455
1.262177
-1.92333
-0.3363529
-1.639101
0.7682268
-0.9880569
1.932673
0.7021366
0.2673157
1.44419
0.2308128
-0.5366029
1.085669
-0.746822
0.2315011
0.5317045
0.8482025
-0.1444423
-0.05778842
-0.2384594
-0.2584274
0.7400406
0.7574909
-0.3428026
-1.377632
-0.07902851
-0.5410878
-1.019602
0.3427827
0.1068516
-0.1954186
0.1333235
1.133517
