-0.7298357
-1.066216
-1.326226
-0.9648204
-2.848535
-0.9056441
0.0978216
-0.8045317
-1.038171
-0.8751405
-0.991136
-0.9628558
-0.8421603
-0.6616489
-1.07398
-0.9659274
-0.1359641
-1.177749
-0.3168687
-0.1507885
-0.8097618
-0.722267
-0.4923933
-0.7920279
-1.03636
-0.4060536
-1.447376
-0.3860035
-0.8169254
-1.267641
-0.2693493
-0.860776
-1.002499
-1.602477
-1.098981
-0.68357
-0.9374923
-0.9506323
-1.0826
-1.228191
-0.238263
1.088163
-0.1043342
0.3819803
-1.36287
-0.4786892
-1.682548
-0.9753113
-0.9468291
-1.12754
-0.4479129
0.3538389
-1.020477
-0.07367839
-0.9251943
-0.5867829
-0.9721709
-0.681519
-0.3151853
-0.878832
-0.9810716
