-1.102953
-1.102953
-1.102953
-1.102953
-1.102953
-1.102953
-1.102953
-1.102953
-1.102953
-1.102953
-1.102953
-1.102953
-1.102953
-1.102953
-1.102953
-1.102953
-1.102953
-1.102953
-1.102953
-1.102953
-1.102953
-1.102953
-1.102953
-1.102953
-1.102953
-1.102953
-1.102953
-1.102953
-1.102953
-1.102953
-1.102953
-1.102953
-1.102953
-1.102953
-1.102953
-1.102953
-1.102953
-1.102953
-1.102953
-1.102953
-1.102953
-1.102953
-1.102953
-1.102953
-1.102953
-1.102953
-1.102953
-1.102953
-1.102953
-1.102953
-1.102953
-1.102953
-1.102953
-1.102953
-1.102953
-1.102953
-1.102953
-1.102953
-1.102953
-1.102953
-1.102953
