-1.048425
-0.7958614
-1.355364
0.9070669
-1.382999
-0.09698226
1.812128
-0.6751494
-1.151752
-1.050338
-1.790915
-0.9779121
-0.317903
0.9583285
-0.8498642
-1.000344
1.399675
0.5736849
0.8277749
0.8710331
-0.4292081
0.6337256
-0.8670518
-0.9633411
-0.4876486
0.8562317
-1.155113
-0.5010798
-0.05789629
-1.267641
1.059077
1.020167
-1.299171
0.4677814
-1.003993
-1.151451
1.179097
-1.019932
-0.922102
-1.678308
1.17426
1.95603
0.850033
0.8324817
-1.462682
0.7943467
-1.528789
-1.101661
-1.201184
0.4738347
0.8216143
2.37266
-0.4002316
0.7850175
0.7309144
0.7861675
0.0557687
-1.000704
1.168874
0.61362
-0.7884239
