-0.1259291
0.4923343
-1.185677
-0.4989125
-2.013665
0.4269249
-1.25233
-0.1506887
1.897786
-2.241732
0.8475323
0.5508205
0.8182722
-2.319566
-0.6900908
0.904731
-0.3524709
-0.608315
0.4849489
0.5792564
-0.2063348
-0.6862638
-0.4161978
-0.4655872
-0.9642457
0.6184865
-1.763354
-0.9381294
-1.052336
1.257955
0.0848108
-0.3887701
0.4219106
1.129886
-0.5789695
0.982578
-0.3756872
0.5022246
-0.5431511
-0.5544029
1.129998
0.5177251
-0.4316799
-1.006027
0.8485051
-0.09324406
0.4471314
1.220155
-3.303471
-1.648405
0.7630426
-1.743907
-1.089108
0.1686364
-0.6359957
0.4684807
-0.6877827
0.5323194
-0.6313555
0.831686
0.1404447
