-0.9176582
-0.7436158
-1.087312
-0.7744834
-1.320149
-0.9241498
-0.7859834
-1.008141
-0.9181765
-0.5013965
-0.9428131
-0.8133933
-0.5499497
-0.9200569
-0.731159
-0.9980553
-0.890607
-0.8400947
-0.6979577
-1.155759
-1.099196
-0.8748359
-0.6395924
-0.9805833
-1.008277
-0.7040038
-0.7092586
-0.7574307
-0.9479348
-1.026273
-0.6929738
-0.6881522
-0.7621866
-1.084195
-0.9959559
-1.107864
-0.7990655
-1.042554
-1.006593
-0.642654
-1.239246
-1.454173
-0.8639022
-1.077977
-0.8970689
-1.02777
-0.8395982
-0.9677722
-1.176766
-1.090166
-1.146028
-0.8645425
-0.7926095
-0.8201943
-0.6747536
-0.6939696
-0.8262881
-1.181752
-1.158016
-0.8138374
-0.9681409
