-0.8509994
-0.7124361
-0.8786961
0.2686833
-1.242285
-1.324025
0.6271662
-3.017639
-0.6498673
1.683738
-0.9702364
-0.8465339
0.821574
0.2717348
0.5785216
-1.158397
-0.3957739
0.3575506
-1.206328
-1.104989
-1.61654
-1.130489
1.067912
-0.03128661
-0.8538618
1.004168
-0.5214319
0.5173928
-1.213079
-1.026273
-0.8261184
0.6155584
0.5319871
-1.642063
-0.00590951
0.05577123
-0.8115048
-0.6369824
-1.306545
1.627824
-1.102798
-0.9655148
0.9281483
1.241529
-1.682916
-1.047074
0.1840601
-1.049313
0.1766549
-1.411083
-1.162523
-1.004456
-1.195747
-0.3378461
0.8937113
-0.3251245
-0.4678008
-1.239236
-0.07880088
0.2263608
-0.574622
