0.121433
-2.282289
-1.335035
-0.2769853
0.4862655
-0.243762
-1.157773
1.034075
0.7227711
0.7463932
-1.225132
-1.754977
2.228068
0.1199282
0.707276
0.3369073
-2.019664
1.394723
0.5367734
0.9401669
-0.2290607
-0.3878665
-0.9253444
0.7790553
-0.3820785
1.879689
-1.553413
-1.435692
0.09014221
0.7823394
1.754717
-0.8722149
0.7677882
-1.162206
1.237946
-1.908977
0.7677935
-1.580454
0.2313703
-0.8733711
-0.3292328
-1.763407
0.9170952
-0.6125596
0.2249183
-0.1401431
1.2437
-0.671542
-0.02199412
0.5215748
-0.09649933
0.6436338
-1.807281
-0.2571669
-1.030719
-0.3843477
0.2383499
-0.2248893
-0.7396495
0.07166602
-0.9675566
