-0.2491916
-0.552018
-0.1109979
-0.3898626
-0.8094101
0.5329671
1.026364
-0.3152116
-0.08285087
-0.871909
-1.365779
0.8472835
-1.277153
1.235852
-0.4051941
0.3628982
1.316192
0.1302264
-1.734345
-0.8420506
-0.5496897
-3.048968
0.1001903
0.03239043
1.668656
-1.540224
1.237007
0.6641769
1.377263
0.9224608
1.200232
-0.5530985
0.6091138
0.8060325
-0.9347901
-0.4394364
-0.8358072
-0.3648376
-0.9756163
-0.4457059
0.2107101
0.3469453
-0.04774414
-0.0004147287
0.6791357
-1.60881
0.330895
-0.5046598
-0.7691114
-0.5339891
0.3938672
-0.2335995
0.2731564
-0.3661981
-1.271715
1.220597
0.9727291
0.9537643
0.4625263
-1.344892
0.3166825
