-1.80205
-1.683609
-0.933355
-1.464947
-1.247911
-0.8595872
-1.053218
-1.632809
-0.8911841
-2.116767
-2.452869
-1.126975
-2.204657
0.4105873
-1.087869
-1.36987
0.3029922
-1.056395
-2.77219
-2.026851
-1.860023
-2.827521
-1.355983
-1.069798
0.9489126
-1.995995
0.07371322
-0.9424015
-0.2224387
0.9224608
-0.06696658
-1.856381
-1.147304
-0.5355848
-1.536788
-1.592546
-1.948491
-1.621051
-1.94031
-1.259552
-0.1607859
-0.2218605
-0.2303859
-1.367781
-0.4847359
-2.306539
-0.7220627
-1.896482
-2.069865
-1.273509
-0.6064648
-2.125566
-0.4950031
-1.684128
-2.268807
-0.2632742
-0.6684228
-0.4766934
-1.120517
-2.10606
-1.189384
