-1.058499
-1.108116
-2.010829
-1.272916
-1.459901
-1.042754
-0.9273835
-1.23895
-1.217647
-2.124957
-1.38552
-1.228948
-0.9129785
-1.71258
-1.274799
-1.102737
-1.036754
-1.25479
-1.647153
-1.335548
-1.243702
-1.20311
-1.11611
-1.434668
-1.527913
-1.309413
-1.11131
-1.032983
-1.520889
0.7320123
-1.109843
-1.148996
-1.104043
-1.428022
-2.285957
-1.550947
-1.276229
-1.310595
-1.401182
-1.498251
-2.060739
-3.429255
-0.892458
-1.549244
-1.557148
-2.022634
-1.241516
-1.397688
-1.186462
-1.381647
-1.743327
-1.226149
-1.232386
-1.958116
-1.44446
-1.637588
-1.238717
-1.040805
-0.9573778
-1.781116
-1.615997
