1.185392
0.3855097
-0.6378269
-0.8914709
-0.72165
1.291105
0.8129137
-0.7908738
-0.1096484
-1.355642
0.1385861
0.2866883
0.9160369
-1.311667
-1.257077
1.094947
1.652742
0.4115662
-1.821766
0.436038
-0.3125947
-0.3081839
-0.0536071
-0.6715136
0.7013627
-0.5122181
-0.1032431
1.014376
-0.5757623
0.7320123
1.496238
-1.038288
0.05197696
-1.279405
-0.6104472
-0.9853521
-0.4890126
-0.9497546
-0.1281372
-1.003875
-1.563303
-0.4980552
0.6555615
-0.2368057
-1.506031
-0.3456306
-0.897406
0.06162359
0.07701896
-0.5267605
-0.8631778
-0.4970814
-0.3398648
-0.2171845
0.7007451
-1.15552
-0.5565209
1.158274
1.65444
-0.4690624
-0.3083246
