1.289796
-2.398682
0.9588536
-0.2751561
-0.06347586
0.03156809
-0.7546419
-0.3507898
0.2449218
-0.7387282
-0.3334379
-0.5614023
0.6903347
-1.971342
-1.850823
0.74507
-1.063778
-4.640033
-0.2745118
1.345683
1.562811
1.017633
-2.10057
0.859677
-0.6537029
-1.631814
-1.172785
0.5936975
-0.5265602
-1.436584
1.496266
-0.912952
-0.2812134
0.724769
-0.1712866
0.783409
-1.372829
-0.01699276
0.7891749
0.76319
-1.882329
0.2875955
-0.3432077
-0.3794433
0.5587218
-0.813537
1.735615
0.7381805
0.9296182
0.9647005
0.5105064
-0.2701139
0.4420861
-1.147983
-1.989304
1.776312
1.104685
-0.632202
0.9956194
-1.066627
1.602742
