0.06514915
-1.107389
1.2899
0.2741938
1.089011
-0.6355888
0.4066503
-0.9123617
-0.9336856
1.288449
-0.1064563
-2.447432
-1.834139
-0.7725345
0.8087401
-0.1552672
-0.2255486
-3.69242
-2.052157
-1.541182
0.1421675
-1.102802
1.439739
-1.095167
-0.2852335
1.013027
-0.255664
0.2098757
-0.2797539
0.1906709
-0.9697125
-1.218708
-0.6031479
1.39644
0.7680936
0.1958872
-0.3328148
-0.456745
-1.069821
-0.7651296
-1.463664
0.6013731
-0.5311522
-1.522289
-0.4048534
-0.575091
-0.001994591
-1.129387
-0.438446
-0.8737487
-0.5449392
-2.930311
0.2660622
2.150043
1.179796
0.2633844
0.5161104
-0.3446856
-1.071481
-0.5800276
-1.941092
