-0.9337701
-0.7458208
-0.9957717
-0.3498477
-1.356825
-0.9419944
-0.5237311
-0.4834124
-0.529017
-0.8068351
-0.9481076
-0.9610184
-1.135147
-0.2652533
-0.7299507
-0.6090786
-0.3990766
-0.4891468
-0.7013505
-0.5808874
-0.6997405
-0.5017717
-0.7288595
-0.6310706
-0.5778576
-1.601445
-0.7940698
-0.7799569
-0.7206733
0.7923466
-0.7620273
-0.5672941
-0.7964634
-3.046161
-0.6373814
-0.8618112
-0.3342823
-0.422692
-0.827003
-0.4248403
-0.992436
-1.150614
-2.053886
-0.9487004
-1.082161
-0.9454374
-0.5625106
-1.154806
0.1091952
-0.09965391
-0.1737187
-0.2907954
-1.155638
-0.2858272
0.06474003
-1.128827
-0.6501658
-0.1132826
-1.485006
-0.5412527
-0.1841676
