-1.854119
-0.2379737
-0.5944532
1.274224
-0.8344231
-0.9065599
0.4675865
-0.08685348
-0.8009489
-0.7885395
-1.023952
-0.8353608
-1.906559
0.3508395
-0.1798008
0.08253053
0.4765793
0.5340367
0.2831283
-0.3459136
0.2044401
-0.7871732
0.03743898
0.8420597
-0.1699442
-1.679712
0.22054
-0.218126
-0.6529425
0.7923466
-1.173564
-0.1911101
-1.880349
-3.494492
-0.2080805
0.5013753
0.7488987
1.156485
-0.08422516
0.2692289
-0.06133271
-0.2365996
-1.735429
-0.6277948
-0.8904973
0.02857655
0.1964667
-0.9132731
3.000592
1.493062
0.9729266
0.7740616
-1.498417
1.048378
1.460473
-1.399283
-0.620195
1.026574
-1.22799
0.02131117
1.465777
